{
  "accessors": [
    {
      "bufferView": 2,
      "componentType": 5126,
      "count": 65532,
      "max": [
        21.672327041625977,
        38.80857849121094,
        3.684130907058716
      ],
      "min": [
        -20.754497528076172,
        6.902915954589844,
        -2.8916542530059814
      ],
      "type": "VEC3"
    },
    {
      "bufferView": 2,
      "byteOffset": 786384,
      "componentType": 5126,
      "count": 65532,
      "max": [
        0.9999992847442627,
        0.999610185623169,
        0.999998927116394
      ],
      "min": [
        -0.9999793767929077,
        -0.9998512864112854,
        -0.9901358485221863
      ],
      "type": "VEC3"
    },
    {
      "bufferView": 1,
      "componentType": 5126,
      "count": 65532,
      "max": [
        0.99853515625,
        0.9985214471817017
      ],
      "min": [
        0.00146484375,
        0.0014785528182983398
      ],
      "type": "VEC2"
    },
    {
      "bufferView": 1,
      "byteOffset": 524256,
      "componentType": 5126,
      "count": 65532,
      "max": [
        0.99853515625,
        0.9985214471817017
      ],
      "min": [
        0.00146484375,
        0.0014785528182983398
      ],
      "type": "VEC2"
    },
    {
      "bufferView": 0,
      "componentType": 5125,
      "count": 336387,
      "type": "SCALAR"
    },
    {
      "bufferView": 2,
      "byteOffset": 1572768,
      "componentType": 5126,
      "count": 23188,
      "max": [
        -0.5826592445373535,
        38.805084228515625,
        3.5171613693237305
      ],
      "min": [
        -20.830034255981445,
        7.64314079284668,
        -2.9744088649749756
      ],
      "type": "VEC3"
    },
    {
      "bufferView": 2,
      "byteOffset": 1851024,
      "componentType": 5126,
      "count": 23188,
      "max": [
        0.9995028972625732,
        0.9994524121284485,
        0.999996542930603
      ],
      "min": [
        -0.9998269081115723,
        -0.9995557069778442,
        -0.9751575589179993
      ],
      "type": "VEC3"
    },
    {
      "bufferView": 1,
      "byteOffset": 1048512,
      "componentType": 5126,
      "count": 23188,
      "max": [
        0.99853515625,
        0.9982750415802002
      ],
      "min": [
        0.00146484375,
        0.0014785528182983398
      ],
      "type": "VEC2"
    },
    {
      "bufferView": 1,
      "byteOffset": 1234016,
      "componentType": 5126,
      "count": 23188,
      "max": [
        0.99853515625,
        0.9982750415802002
      ],
      "min": [
        0.00146484375,
        0.0014785528182983398
      ],
      "type": "VEC2"
    },
    {
      "bufferView": 0,
      "byteOffset": 1345548,
      "componentType": 5125,
      "count": 113616,
      "type": "SCALAR"
    }
  ],
  "asset": {
    "extras": {
      "author": "OlegYurkov (https://sketchfab.com/OlegYurkov)",
      "license": "CC-BY-4.0 (http://creativecommons.org/licenses/by/4.0/)",
      "source": "https://sketchfab.com/3d-models/sculptures-c36e510341b740c791a8763cf6787c9d",
      "title": "sculptures"
    },
    "generator": "Sketchfab-12.68.0",
    "version": "2.0"
  },
  "bufferViews": [
    {
      "buffer": 0,
      "byteLength": 1800012,
      "name": "floatBufferViews",
      "target": 34963
    },
    {
      "buffer": 0,
      "byteLength": 1419520,
      "byteOffset": 1800012,
      "byteStride": 8,
      "name": "floatBufferViews",
      "target": 34962
    },
    {
      "buffer": 0,
      "byteLength": 2129280,
      "byteOffset": 3219532,
      "byteStride": 12,
      "name": "floatBufferViews",
      "target": 34962
    }
  ],
  "buffers": [
    {
      "byteLength": 5348812,
      "uri": "scene.bin"
    }
  ],
  "extensionsUsed": [
    "KHR_materials_unlit"
  ],
  "images": [
    {
      "uri": "textures/Material_0_baseColor.jpeg"
    }
  ],
  "materials": [
    {
      "doubleSided": true,
      "extensions": {
        "KHR_materials_unlit": {}
      },
      "name": "Material_0",
      "pbrMetallicRoughness": {
        "baseColorTexture": {
          "index": 0
        },
        "metallicFactor": 0.0
      }
    }
  ],
  "meshes": [
    {
      "name": "mainMeshNode_Material_0_0",
      "primitives": [
        {
          "attributes": {
            "NORMAL": 1,
            "POSITION": 0,
            "TEXCOORD_0": 2,
            "TEXCOORD_1": 3
          },
          "indices": 4,
          "material": 0,
          "mode": 4
        }
      ]
    },
    {
      "name": "mainMeshNode_Material_0_0",
      "primitives": [
        {
          "attributes": {
            "NORMAL": 6,
            "POSITION": 5,
            "TEXCOORD_0": 7,
            "TEXCOORD_1": 8
          },
          "indices": 9,
          "material": 0,
          "mode": 4
        }
      ]
    }
  ],
  "nodes": [
    {
      "children": [
        1
      ],
      "matrix": [
        0.09452170133590698,
        0.0,
        0.0,
        0.0,
        0.0,
        2.098803382997327e-17,
        -0.09452170133590698,
        0.0,
        0.0,
        0.09452170133590698,
        2.098803382997327e-17,
        0.0,
        0.0,
        0.0,
        0.0,
        1.0
      ],
      "name": "Sketchfab_model"
    },
    {
      "children": [
        2
      ],
      "matrix": [
        1.0,
        0.0,
        0.0,
        0.0,
        0.0,
        0.0,
        1.0,
        0.0,
        0.0,
        -1.0,
        0.0,
        0.0,
        0.0,
        0.0,
        0.0,
        1.0
      ],
      "name": "de7938e433e3416583bd1cff132c3451.fbx"
    },
    {
      "children": [
        3,
        5,
        7,
        9,
        11,
        13,
        15,
        17,
        19,
        21,
        23,
        25,
        27,
        29,
        31,
        33,
        35,
        37,
        39,
        41,
        43,
        45,
        47,
        49,
        51,
        53,
        55,
        57,
        59,
        61,
        63,
        65,
        67,
        69,
        71,
        73,
        75,
        77,
        79,
        81
      ],
      "name": "RootNode"
    },
    {
      "children": [
        4
      ],
      "matrix": [
        -0.8935840581090262,
        0.30274888801771954,
        -0.33143723673938436,
        0.0,
        0.3613442645227511,
        0.047042943031916584,
        -0.931245018245686,
        0.0,
        -0.26634161069933565,
        -0.95190864704284,
        -0.15143339821569524,
        0.0,
        30.555212020874023,
        13.939851760864258,
        13.386129379272461,
        1.0
      ],
      "name": "_2016_11_26_16_36_52_jpg"
    },
    {
      "name": "Object_4"
    },
    {
      "children": [
        6
      ],
      "matrix": [
        -0.8085541075718978,
        0.29200140275565634,
        -0.510857549535427,
        0.0,
        0.5452264329276737,
        0.04528854952135908,
        -0.8370645638893195,
        0.0,
        -0.22128802942223758,
        -0.9553450309029616,
        -0.1958251259758117,
        0.0,
        26.04413604736328,
        13.971418380737305,
        17.58694076538086,
        1.0
      ],
      "name": "_2016_11_26_16_36_54_jpg"
    },
    {
      "name": "Object_6"
    },
    {
      "children": [
        8
      ],
      "matrix": [
        -0.7282722367810415,
        0.29626929070816477,
        -0.6179353174218317,
        0.0,
        0.6570270227236389,
        0.04558684061713281,
        -0.7524874293790291,
        0.0,
        -0.1947691981419286,
        -0.9540159051849342,
        -0.22785656038245006,
        0.0,
        21.498458862304688,
        13.83798885345459,
        21.769006729125977,
        1.0
      ],
      "name": "_2016_11_26_16_36_56_jpg"
    },
    {
      "name": "Object_8"
    },
    {
      "children": [
        10
      ],
      "matrix": [
        -0.6146814012705275,
        0.3004638732626578,
        -0.729306681579226,
        0.0,
        0.77272726695988,
        0.043821621758438845,
        -0.6332236858829388,
        0.0,
        -0.15830143975597727,
        -0.9527859813885078,
        -0.2591129634748577,
        0.0,
        16.32744789123535,
        13.856308937072754,
        24.310544967651367,
        1.0
      ],
      "name": "_2016_11_26_16_36_58_jpg"
    },
    {
      "name": "Object_10"
    },
    {
      "children": [
        12
      ],
      "matrix": [
        -0.48644946204022155,
        0.3062629592829405,
        -0.8182725222394034,
        0.0,
        0.8656131492088477,
        0.041738792190422536,
        -0.49897068966345703,
        0.0,
        -0.11866253325089676,
        -0.9510314784473438,
        -0.28540905767816693,
        0.0,
        11.026354789733887,
        13.71618366241455,
        26.055505752563477,
        1.0
      ],
      "name": "_2016_11_26_16_37_00_jpg"
    },
    {
      "name": "Object_12"
    },
    {
      "children": [
        14
      ],
      "matrix": [
        -0.30350537797143096,
        0.3196711097670292,
        -0.8976050730264034,
        0.0,
        0.9498164026350759,
        0.026641835839356975,
        -0.31167132346186754,
        0.0,
        -0.07571847084947037,
        -0.9471539442790833,
        -0.31171480396155915,
        0.0,
        5.617337226867676,
        13.764927864074707,
        26.800840377807617,
        1.0
      ],
      "name": "_2016_11_26_16_37_02_jpg"
    },
    {
      "name": "Object_14"
    },
    {
      "children": [
        16
      ],
      "matrix": [
        -0.15464838700511319,
        0.30635892018804195,
        -0.939269976320937,
        0.0,
        0.9875367097095107,
        0.019794234200412042,
        -0.1561391535411054,
        0.0,
        -0.029242492589215963,
        -0.9517102501883838,
        -0.30560182642375255,
        0.0,
        0.5222047567367554,
        13.863759994506836,
        26.73641014099121,
        1.0
      ],
      "name": "_2016_11_26_16_37_04_jpg"
    },
    {
      "name": "Object_16"
    },
    {
      "children": [
        18
      ],
      "matrix": [
        0.05541121325061238,
        0.2830967481524361,
        -0.9574893360406744,
        0.0,
        0.9982950159544961,
        -0.03333058821007495,
        0.047917982115102065,
        0.0,
        -0.0183482578602977,
        -0.9585120255245037,
        -0.28446096104457874,
        0.0,
        -4.596671104431152,
        13.910537719726563,
        26.008459091186523,
        1.0
      ],
      "name": "_2016_11_26_16_37_06_jpg"
    },
    {
      "name": "Object_18"
    },
    {
      "children": [
        20
      ],
      "matrix": [
        0.30146885300978266,
        0.26583346811692,
        -0.9156686616314311,
        0.0,
        0.9534718143162747,
        -0.08119637803660895,
        0.2903422936779402,
        0.0,
        0.0028337200633266613,
        -0.9605934183735939,
        -0.2779428981066725,
        0.0,
        -9.600443840026855,
        13.940765380859375,
        24.44985008239746,
        1.0
      ],
      "name": "_2016_11_26_16_37_08_jpg"
    },
    {
      "name": "Object_20"
    },
    {
      "children": [
        22
      ],
      "matrix": [
        0.5135173123079902,
        0.24767173891452077,
        -0.8215586891409739,
        0.0,
        0.8560207363669902,
        -0.08158436773746569,
        0.5104630151642661,
        0.0,
        0.059400916404495685,
        -0.9654028696269424,
        -0.253907129569791,
        0.0,
        -15.109832763671875,
        14.275517463684082,
        22.513286590576172,
        1.0
      ],
      "name": "_2016_11_26_16_37_09_jpg"
    },
    {
      "name": "Object_22"
    },
    {
      "children": [
        24
      ],
      "matrix": [
        0.6855839408409833,
        0.23901703914814837,
        -0.6876376335380427,
        0.0,
        0.7229861819615762,
        -0.11294817870684737,
        0.6815670837264874,
        0.0,
        0.08523872801473459,
        -0.9644239544534646,
        -0.2502414740261325,
        0.0,
        -18.976274490356445,
        14.432893753051758,
        19.391929626464844,
        1.0
      ],
      "name": "_2016_11_26_16_37_11_jpg"
    },
    {
      "name": "Object_24"
    },
    {
      "children": [
        26
      ],
      "matrix": [
        0.7898269838266851,
        0.22118298874421347,
        -0.572058931500434,
        0.0,
        0.6024951058658731,
        -0.10526102023806772,
        0.7911509116635784,
        0.0,
        0.11477361642342496,
        -0.9695350448068487,
        -0.21639966234832775,
        0.0,
        -21.576934814453125,
        14.735206604003906,
        15.296730995178223,
        1.0
      ],
      "name": "_2016_11_26_16_37_13_jpg"
    },
    {
      "name": "Object_26"
    },
    {
      "children": [
        28
      ],
      "matrix": [
        0.8822510155900676,
        0.22220831680799363,
        -0.41503808190532676,
        0.0,
        0.44761049821568183,
        -0.12276876927472657,
        0.8857610688994397,
        0.0,
        0.14586976169653362,
        -0.9672390052267987,
        -0.20777564676946425,
        0.0,
        -23.607524871826172,
        15.002181053161621,
        10.843355178833008,
        1.0
      ],
      "name": "_2016_11_26_16_37_15_jpg"
    },
    {
      "name": "Object_28"
    },
    {
      "children": [
        30
      ],
      "matrix": [
        0.9442450049971531,
        0.19185261191736364,
        -0.2675704502339744,
        0.0,
        0.2931713258854464,
        -0.12008172112588977,
        0.9484887737501237,
        0.0,
        0.14983972843173368,
        -0.9740497705722893,
        -0.16963224997498205,
        0.0,
        -24.48226547241211,
        15.36160945892334,
        5.7097883224487305,
        1.0
      ],
      "name": "_2016_11_26_16_37_18_jpg"
    },
    {
      "name": "Object_30"
    },
    {
      "children": [
        32
      ],
      "matrix": [
        0.8782123241534728,
        0.31165190759578054,
        -0.3627894736577491,
        0.0,
        0.40412122827203534,
        -0.07785250101754615,
        0.9113863181687634,
        0.0,
        0.25579121674689514,
        -0.9470016243794008,
        -0.19431617755070962,
        0.0,
        -24.40394401550293,
        19.98544692993164,
        8.093209266662598,
        1.0
      ],
      "name": "_2016_11_26_16_37_20_jpg"
    },
    {
      "name": "Object_32"
    },
    {
      "children": [
        34
      ],
      "matrix": [
        0.7905463828980457,
        0.3059353283560148,
        -0.5305091812122708,
        0.0,
        0.5767463133409125,
        -0.08066131779714114,
        0.8129313881619374,
        0.0,
        0.2059128615081691,
        -0.94862918291339,
        -0.24021358577439278,
        0.0,
        -20.29783821105957,
        19.387901306152344,
        12.200950622558594,
        1.0
      ],
      "name": "_2016_11_26_16_37_22_jpg"
    },
    {
      "name": "Object_34"
    },
    {
      "children": [
        36
      ],
      "matrix": [
        0.7006692634131806,
        0.3304200260884607,
        -0.6323647599825056,
        0.0,
        0.6856023664602813,
        -0.06644787817505504,
        0.7249372901086655,
        0.0,
        0.19751450177668786,
        -0.9414920529912794,
        -0.273094737668401,
        0.0,
        -17.131986618041992,
        18.902320861816406,
        15.334336280822754,
        1.0
      ],
      "name": "_2016_11_26_16_37_23_jpg"
    },
    {
      "name": "Object_36"
    },
    {
      "children": [
        38
      ],
      "matrix": [
        0.550433351825365,
        0.18558073625239768,
        -0.8139919628167787,
        0.0,
        0.8311925024632824,
        -0.03028895599661041,
        0.5551590789975981,
        0.0,
        0.07837186387422529,
        -0.9821620892076078,
        -0.17092536814711412,
        0.0,
        -13.512574195861816,
        18.392473220825195,
        19.970577239990234,
        1.0
      ],
      "name": "_2016_11_26_16_37_25_jpg"
    },
    {
      "name": "Object_38"
    },
    {
      "children": [
        40
      ],
      "matrix": [
        0.2100352688995999,
        0.21778091649654552,
        -0.9531299272545153,
        0.0,
        0.9719698596169472,
        0.05882398338832928,
        0.22762761470116466,
        0.0,
        0.10563984955728128,
        -0.9742233888530158,
        -0.1993213756656842,
        0.0,
        -6.0800981521606445,
        18.288040161132813,
        21.849849700927734,
        1.0
      ],
      "name": "_2016_11_26_16_37_27_jpg"
    },
    {
      "name": "Object_40"
    },
    {
      "children": [
        42
      ],
      "matrix": [
        0.06352090041093938,
        0.19201223082204322,
        -0.9793346713078863,
        0.0,
        0.9902174243243252,
        0.11003498757208852,
        0.0858006647672927,
        0.0,
        0.12423585543426086,
        -0.9752043912558805,
        -0.18314433515608597,
        0.0,
        -2.2397053241729736,
        18.138641357421875,
        22.1826229095459,
        1.0
      ],
      "name": "_2016_11_26_16_37_28_jpg"
    },
    {
      "name": "Object_42"
    },
    {
      "children": [
        44
      ],
      "matrix": [
        -0.1731885315215842,
        0.23462878255403757,
        -0.9565328363138443,
        0.0,
        0.9801859566337092,
        0.13585754364969538,
        -0.14414651661254785,
        0.0,
        0.09613127985966768,
        -0.9625445767499193,
        -0.25350880616235205,
        0.0,
        4.168365955352783,
        18.046260833740234,
        23.110013961791992,
        1.0
      ],
      "name": "_2016_11_26_16_37_29_jpg"
    },
    {
      "name": "Object_44"
    },
    {
      "children": [
        46
      ],
      "matrix": [
        -0.3180073825369605,
        0.2424588315647762,
        -0.9165615198382675,
        0.0,
        0.941778793709519,
        0.19213039101630414,
        -0.27593226807853644,
        0.0,
        0.10919710788768372,
        -0.9509467008429892,
        -0.2894414686681921,
        0.0,
        8.698556900024414,
        18.023387908935547,
        22.53704261779785,
        1.0
      ],
      "name": "_2016_11_26_16_37_30_jpg"
    },
    {
      "name": "Object_46"
    },
    {
      "children": [
        48
      ],
      "matrix": [
        -0.6012303032677884,
        0.21245646187475686,
        -0.7703144645144498,
        0.0,
        0.7972602162776212,
        0.22443791138451663,
        -0.5603603942770372,
        0.0,
        0.05383558278206235,
        -0.9510467263710107,
        -0.3043219582703489,
        0.0,
        14.096399307250977,
        18.021568298339844,
        21.66010856628418,
        1.0
      ],
      "name": "_2016_11_26_16_37_31_jpg"
    },
    {
      "name": "Object_48"
    },
    {
      "children": [
        50
      ],
      "matrix": [
        -0.6485324068241838,
        0.20653228377256472,
        -0.7326323314313397,
        0.0,
        0.7604164722171239,
        0.21908495779202075,
        -0.6113661505596564,
        0.0,
        0.03424187611237739,
        -0.9535964539725164,
        -0.29913424560111346,
        0.0,
        17.754873275756836,
        17.807601928710938,
        19.843286514282227,
        1.0
      ],
      "name": "_2016_11_26_16_37_32_jpg"
    },
    {
      "name": "Object_50"
    },
    {
      "children": [
        52
      ],
      "matrix": [
        -0.8575918515854437,
        0.19890859678320208,
        -0.47431169732570255,
        0.0,
        0.5121761740721673,
        0.2459457186156525,
        -0.8229132823131654,
        0.0,
        -0.04702959501259085,
        -0.9486548759271561,
        -0.31279728830759423,
        0.0,
        22.606821060180664,
        18.019779205322266,
        16.967578887939453,
        1.0
      ],
      "name": "_2016_11_26_16_37_33_jpg"
    },
    {
      "name": "Object_52"
    },
    {
      "children": [
        54
      ],
      "matrix": [
        -0.897837926690273,
        0.17080917106169033,
        -0.40584638039254506,
        0.0,
        0.4381145229097412,
        0.254274672968109,
        -0.8622065039783283,
        0.0,
        -0.0440763225789311,
        -0.951928893231096,
        -0.3031314236758351,
        0.0,
        25.585803985595703,
        17.880008697509766,
        15.32011604309082,
        1.0
      ],
      "name": "_2016_11_26_16_37_34_jpg"
    },
    {
      "name": "Object_54"
    },
    {
      "children": [
        56
      ],
      "matrix": [
        -0.9600685445410497,
        0.18249144234963255,
        -0.21205014324914007,
        0.0,
        0.25320809010146134,
        0.24448398559026674,
        -0.9360092114381505,
        0.0,
        -0.11897080688135352,
        -0.9523258130802971,
        -0.2809296937864538,
        0.0,
        28.62868309020996,
        18.107389450073242,
        12.069747924804688,
        1.0
      ],
      "name": "_2016_11_26_16_37_35_jpg"
    },
    {
      "name": "Object_56"
    },
    {
      "children": [
        58
      ],
      "matrix": [
        -0.9785690610952371,
        0.17293693379264885,
        -0.11178286808622875,
        0.0,
        0.1463339241923396,
        0.20210022078879475,
        -0.9683707365402938,
        0.0,
        -0.14487572363117582,
        -0.963975268192871,
        -0.22307556346410018,
        0.0,
        31.898927688598633,
        18.101715087890625,
        9.757195472717285,
        1.0
      ],
      "name": "_2016_11_26_16_37_37_jpg"
    },
    {
      "name": "Object_58"
    },
    {
      "children": [
        60
      ],
      "matrix": [
        -0.9239100561584928,
        0.29930426936687804,
        -0.23834253180657775,
        0.0,
        0.2736466824635281,
        0.08153949294860174,
        -0.9583677813169585,
        0.0,
        -0.2674092393802339,
        -0.9506672737758696,
        -0.1572387778686939,
        0.0,
        23.471813201904297,
        10.80805778503418,
        7.705920219421387,
        1.0
      ],
      "name": "_2016_11_26_16_37_41_jpg"
    },
    {
      "name": "Object_60"
    },
    {
      "children": [
        62
      ],
      "matrix": [
        -0.8590997847085418,
        0.30272923045739636,
        -0.41267732302661086,
        0.0,
        0.4393991349216044,
        0.022800656458703217,
        -0.8980025224325362,
        0.0,
        -0.26244229869417557,
        -0.9528038324291755,
        -0.15260700103334823,
        0.0,
        19.91261100769043,
        10.981197357177734,
        10.453424453735352,
        1.0
      ],
      "name": "_2016_11_26_16_37_43_jpg"
    },
    {
      "name": "Object_62"
    },
    {
      "children": [
        64
      ],
      "matrix": [
        -0.7798432026253379,
        0.3294409244861859,
        -0.5322717882743206,
        0.0,
        0.5719296853951772,
        0.029356427492329473,
        -0.8197771862699408,
        0.0,
        -0.25444255595876586,
        -0.9437197027923994,
        -0.21131045473093746,
        0.0,
        15.530495643615723,
        11.183452606201172,
        13.285844802856445,
        1.0
      ],
      "name": "_2016_11_26_16_37_44_jpg"
    },
    {
      "name": "Object_64"
    },
    {
      "children": [
        66
      ],
      "matrix": [
        -0.6449423503525771,
        0.3604043226836827,
        -0.6739125231902208,
        0.0,
        0.7263985411593717,
        0.015078344814295042,
        -0.6871082905330118,
        0.0,
        -0.2374753126605595,
        -0.9326743095575095,
        -0.27152183736891655,
        0.0,
        11.583916664123535,
        11.298320770263672,
        14.928508758544922,
        1.0
      ],
      "name": "_2016_11_26_16_37_46_jpg"
    },
    {
      "name": "Object_66"
    },
    {
      "children": [
        68
      ],
      "matrix": [
        -0.47090819275999274,
        0.34246115270599636,
        -0.8129980521986496,
        0.0,
        0.8651156883084117,
        -0.0011279128214722878,
        -0.5015711052835186,
        0.0,
        -0.1726856098063212,
        -0.9395313122509263,
        -0.29573737245378995,
        0.0,
        6.094264984130859,
        11.330215454101563,
        16.09016990661621,
        1.0
      ],
      "name": "_2016_11_26_16_37_48_jpg"
    },
    {
      "name": "Object_68"
    },
    {
      "children": [
        70
      ],
      "matrix": [
        -0.27028360514046623,
        0.36179984396265097,
        -0.8922150221223997,
        0.0,
        0.9496994827936608,
        -0.05205440550692253,
        -0.3088061386189956,
        0.0,
        -0.1581697353279885,
        -0.9308013814858263,
        -0.32953167230230207,
        0.0,
        2.49430513381958,
        11.483898162841797,
        15.861251831054688,
        1.0
      ],
      "name": "_2016_11_26_16_37_49_jpg"
    },
    {
      "name": "Object_70"
    },
    {
      "children": [
        72
      ],
      "matrix": [
        -0.048863116663200534,
        0.3959925589552365,
        -0.9169527191093563,
        0.0,
        0.9929952629144678,
        -0.07961919787869354,
        -0.08729943389610628,
        0.0,
        -0.10757696621203644,
        -0.9147954288152281,
        -0.38932829303735095,
        0.0,
        -0.6470093727111816,
        11.354522705078125,
        15.30278491973877,
        1.0
      ],
      "name": "_2016_11_26_16_37_50_jpg"
    },
    {
      "name": "Object_72"
    },
    {
      "children": [
        74
      ],
      "matrix": [
        0.20644111083765582,
        0.40618534824650376,
        -0.8901660129582465,
        0.0,
        0.9771055310797568,
        -0.13341635295328613,
        0.16572524822123608,
        0.0,
        -0.05144753530987595,
        -0.9039986391773553,
        -0.42442857052280125,
        0.0,
        -4.751710414886475,
        11.733089447021484,
        15.207878112792969,
        1.0
      ],
      "name": "_2016_11_26_16_37_52_jpg"
    },
    {
      "name": "Object_74"
    },
    {
      "children": [
        76
      ],
      "matrix": [
        0.3523382170767002,
        0.3796205331368633,
        -0.855421551989483,
        0.0,
        0.9358694462363549,
        -0.1453434806588363,
        0.320972977415908,
        0.0,
        -0.0024820129875817165,
        -0.9136539407515618,
        -0.40648532096580237,
        0.0,
        -6.869486331939697,
        11.811683654785156,
        14.502607345581055,
        1.0
      ],
      "name": "_2016_11_26_16_37_53_jpg"
    },
    {
      "name": "Object_76"
    },
    {
      "children": [
        78
      ],
      "matrix": [
        0.5543100462896875,
        0.37728838620822835,
        -0.7418853322547327,
        0.0,
        0.8306904669437294,
        -0.19519808936411942,
        0.521393377439152,
        0.0,
        0.05190106657028665,
        -0.9052906602528207,
        -0.4216101276628428,
        0.0,
        -10.757302284240723,
        12.08302116394043,
        13.22314167022705,
        1.0
      ],
      "name": "_2016_11_26_16_37_54_jpg"
    },
    {
      "name": "Object_78"
    },
    {
      "children": [
        80
      ],
      "matrix": [
        0.6662379784872928,
        0.3594469780181462,
        -0.6533948469453887,
        0.0,
        0.7328385398934616,
        -0.15330522592454066,
        0.6629066164634692,
        0.0,
        0.1381109353671348,
        -0.9204864896878433,
        -0.365554362351439,
        0.0,
        -12.82913589477539,
        12.400059700012207,
        12.45413589477539,
        1.0
      ],
      "name": "_2016_11_26_16_37_55_jpg"
    },
    {
      "name": "Object_80"
    },
    {
      "children": [
        82,
        83
      ],
      "name": "mainMeshNode"
    },
    {
      "mesh": 0,
      "name": "mainMeshNode_Material_0_0"
    },
    {
      "mesh": 1,
      "name": "mainMeshNode_Material_0_0"
    }
  ],
  "samplers": [
    {
      "magFilter": 9729,
      "minFilter": 9987,
      "wrapS": 10497,
      "wrapT": 10497
    }
  ],
  "scene": 0,
  "scenes": [
    {
      "name": "Sketchfab_Scene",
      "nodes": [
        0
      ]
    }
  ],
  "textures": [
    {
      "sampler": 0,
      "source": 0
    }
  ]
}
